0 0 1 0 -1
1 4938 10 1743 35.3
2 5488 24 2298 41.87
3 3671 19 2878 78.4
4 0 1 0 -1
5 4350 18 2324 53.43
6 6103 6 1647 26.99
7 4215 8 1297 30.77
8 0 1 0 -1
9 0 1 0 -1
10 3152 26 2372 75.25
11 3799 13 3353 88.26
12 3059 14 1701 55.61
13 4181 16 1545 36.95
14 0 1 0 -1
15 3562 15 1695 47.59
16 4204 4 1352 32.16
17 3955 21 2023 51.15
18 4946 3 1196 24.18
19 5073 23 1022 20.15
20 3485 11 2001 57.42
21 4838 26 1140 23.56
22 4083 15 2089 51.16
23 4208 5 2144 50.95
24 5239 10 1252 23.9
25 0 1 0 -1
26 0 1 0 -1
27 3701 17 1321 35.69
28 0 1 0 -1
29 4230 16 811 19.17
30 6692 9 2194 32.79
31 4212 8 1325 31.46
32 3688 23 2869 77.79
33 3718 22 2267 60.97
34 0 1 0 -1
35 4789 14 1264 26.39
36 7221 9 1747 24.19
TOTAL: 124800
CORRECT: 50870
OVERALL ACCURACY: 40.76
