0 0 1 0 -1
1 3551 22 1326 37.34
2 3774 1 844 22.36
3 3577 21 1820 50.88
4 3680 3 954 25.92
5 4617 23 3551 76.91
6 4383 10 1448 33.04
7 3220 19 2467 76.61
8 6394 9 1763 27.57
9 2197 26 1692 77.01
10 4767 13 3776 79.21
11 2573 21 846 32.88
12 4028 8 1213 30.11
13 4914 14 1221 24.85
14 3422 11 2008 58.68
15 3708 16 1501 40.48
16 4053 8 1405 34.67
17 2178 26 1619 74.33
18 4160 18 2300 55.29
19 3460 25 1240 35.84
20 0 1 0 -1
21 0 1 0 -1
22 2557 22 1784 69.77
23 0 1 0 -1
24 2895 10 1266 43.73
25 0 1 0 -1
26 3325 15 1966 59.13
27 5235 24 2131 40.71
28 5868 16 1634 27.85
29 3043 14 1726 56.72
30 3200 4 1187 37.09
31 4128 16 870 21.08
32 6413 9 2107 32.86
33 3984 15 1779 44.65
34 3218 17 1187 36.89
35 3992 3 785 19.66
36 4286 5 2254 52.59
TOTAL: 124800
CORRECT: 53670
OVERALL ACCURACY: 43.0
