0 0 1 0 -1
1 5964 9 2110 35.38
2 3077 19 2409 78.29
3 3725 25 1042 27.97
4 4467 23 3527 78.96
5 3642 1 831 22.82
6 0 1 0 -1
7 3736 4 1766 47.27
8 2804 22 1820 64.91
9 5054 6 1477 29.22
10 4227 5 1881 44.5
11 2468 21 847 34.32
12 4808 10 1871 38.91
13 3002 6 1073 35.74
14 2580 26 1500 58.14
15 2795 17 996 35.64
16 3989 18 2242 56.2
17 3848 3 1007 26.17
18 2826 14 1731 61.25
19 2380 26 1832 76.97
20 4181 15 2431 58.14
21 3304 11 1943 58.81
22 3890 16 1806 46.43
23 6536 9 1713 26.21
24 3320 19 1160 34.94
25 5193 24 2275 43.81
26 3308 8 915 27.66
27 3453 8 1087 31.48
28 4865 14 1223 25.14
29 3867 15 930 24.05
30 2401 22 1493 62.18
31 4682 13 3768 80.48
32 3301 21 1898 57.5
33 4094 16 789 19.27
34 3013 8 931 30.9
35 0 1 0 -1
36 0 1 0 -1
TOTAL: 124800
CORRECT: 54324
OVERALL ACCURACY: 43.53
